8
1 15
286
724
417
271
957
107
112
798
285
614
907
949
382
761
4
9 163
479 759 365 969 875 967 520 429 54
896 459 2 624 703 678 356 340 261
637 501 914 643 772 316 706 943 370
851 139 263 461 447 955 973 927 277
719 524 440 939 741 466 899 997 296
47 357 538 4 77 964 134 99 936
204 592 432 479 440 519 953 308 31
128 458 800 636 195 680 915 770 944
850 899 208 20 295 98 66 640 364
293 857 515 765 530 820 519 895 258
646 970 3 896 529 126 949 480 891
18 437 59 944 946 757 650 441 557
45 937 756 910 476 470 988 822 112
162 210 671 416 208 700 260 79 771
989 143 275 965 637 571 407 901 250
899 30 816 734 698 242 435 236 741
980 344 806 293 4 752 664 378 739
128 394 509 14 934 834 332 174 542
128 276 974 944 974 273 285 436 232
362 317 721 776 275 635 58 374 306
112 315 630 950 655 226 297 669 840
409 880 830 428 675 934 158 794 181
262 686 794 887 694 300 440 483 578
641 858 397 996 532 309 355 786 381
614 119 520 292 629 243 712 451 246
469 631 305 259 627 258 505 948 720
888 98 281 128 2 112 881 552 592
475 508 169 206 110 950 527 23 763
652 277 769 765 188 436 178 405 728
91 728 778 724 896 895 939 17 624
870 246 56 588 91 7 819 309 121
561 584 881 775 296 455 838 955 482
934 495 775 747 603 637 674 768 986
247 106 71 24 733 400 517 159 745
732 63 858 119 996 374 556 950 591
708 780 815 103 604 284 670 934 913
482 120 951 261 718 548 993 878 949
932 272 380 246 134 604 181 747 197
918 636 26 214 296 648 180 584 436
41 389 931 784 625 470 652 416 648
24 680 268 504 946 264 324 202 332
811 266 193 572 938 207 653 41 488
560 59 871 312 410 691 290 884 156
897 175 139 84 609 359 162 28 229
365 790 94 641 714 169 430 65 926
220 575 945 234 764 601 20 876 960
642 129 611 9 34 579 172 970 899
272 68 227 608 933 599 65 509 496
880 312 280 830 673 483 663 710 894
211 410 445 189 743 906 683 400 731
874 654 543 100 197 213 79 442 425
24 240 967 194 319 134 679 849 352
109 425 342 901 123 333 60 309 536
134 445 129 753 810 517 634 638 503
315 225 976 320 205 815 919 864 4
878 435 423 712 95 570 299 341 918
681 345 166 419 382 396 656 155 189
717 43 166 10 411 212 778 927 709
222 144 702 150 651 85 561 31 758
588 359 316 618 609 682 336 424 953
463 818 869 505 814 796 610 428 947
313 544 633 755 168 292 452 691 238
311 908 942 704 185 725 53 9 63
39 124 33 307 150 483 711 339 531
618 264 692 499 544 257 664 927 102
897 77 548 727 338 857 459 131 978
203 468 196 173 188 254 360 805 365
82 881 644 18 641 946 281 304 987
563 314 83 314 30 201 483 302 386
914 784 834 32 332 868 839 300 390
503 216 326 963 161 653 370 745 19
620 261 647 775 868 34 277 241 364
420 560 30 652 444 454 589 346 668
118 546 768 917 732 682 403 150 924
100 135 863 629 149 538 149 265 975
950 262 33 507 163 39 629 244 669
252 237 622 985 185 98 151 173 334
64 789 209 8 744 136 97 310 705
145 612 544 983 90 874 751 959 712
713 777 937 503 952 596 31 237 496
77 205 602 416 41 42 350 9 731
190 532 473 631 636 901 811 807 290
848 342 509 918 848 997 408 884 191
239 762 165 178 72 497 714 204 848
564 577 591 394 737 367 96 496 484
879 779 549 578 314 56 195 47 639
300 446 293 45 538 329 775 223 883
583 181 839 500 957 632 838 359 406
864 554 181 303 259 145 531 460 689
590 66 802 614 266 683 478 144 172
554 86 930 44 186 423 217 204 882
831 780 552 735 300 1 672 450 556
621 707 603 390 556 294 6 665 963
806 5 420 97 122 790 510 493 797
383 895 348 538 519 86 442 168 958
780 459 280 415 752 202 325 373 869
946 244 85 586 43 988 739 888 104
927 415 665 462 369 464 518 439 745
889 242 392 997 964 302 136 115 61
756 138 782 680 408 284 198 590 499
849 331 283 874 772 722 67 911 111
673 815 566 170 136 786 347 303 768
314 466 46 553 987 31 301 887 221
503 578 484 817 870 340 380 663 890
63 356 5 512 910 180 747 454 645
663 314 585 423 305 566 160 94 841
337 800 66 239 459 562 724 143 143
530 211 934 671 896 519 548 26 28
603 619 37 118 784 152 120 668 200
919 674 416 536 403 800 961 778 463
946 745 970 854 718 142 199 354 186
301 108 891 708 84 672 742 388 174
931 368 628 445 818 251 518 18 748
537 375 705 286 438 235 660 451 939
313 204 704 487 320 727 384 153 706
206 332 556 128 454 13 954 878 594
732 124 673 431 458 480 606 56 939
69 36 595 657 355 701 811 934 974
881 783 18 741 220 451 70 630 585
774 311 188 919 92 599 459 643 869
281 579 117 638 60 51 223 358 426
472 436 123 65 479 70 222 33 239
763 244 575 19 480 630 993 758 878
284 115 431 92 230 954 584 541 139
240 569 364 437 487 298 453 900 8
153 782 850 878 569 390 303 39 804
460 735 115 529 891 112 176 705 149
624 797 423 125 615 806 367 722 0
455 17 697 966 181 245 73 621 817
128 5 486 158 392 869 15 549 701
479 818 950 41 333 381 554 897 358
186 55 212 953 736 764 915 886 281
734 954 464 701 466 887 985 712 363
376 212 615 590 953 401 9 572 382
860 275 17 446 343 804 787 361 409
11 500 459 127 333 556 41 634 244
632 755 321 964 591 211 688 896 351
534 729 356 452 536 642 836 401 917
960 789 306 861 907 642 104 751 993
747 38 521 423 617 405 55 317 596
747 306 194 664 833 635 616 133 964
265 984 735 275 335 865 758 883 321
886 430 136 72 910 441 310 203 904
99 63 209 285 23 469 397 16 177
153 89 524 443 989 118 422 395 560
595 331 925 832 300 482 621 276 805
613 936 2 151 540 260 935 585 386
29 205 939 372 441 322 136 928 222
143 210 114 226 293 234 869 108 895
919 296 449 324 278 614 353 715 988
955 43 773 425 555 694 69 717 709
378 163 887 377 6 777 139 686 547
405 195 607 953 89 858 319 825 431
157 506 106 321 291 5 680 680 374
41 466 443 234 100 427 923 630 505
163 748 761 921 662 407 599 450 174
702 516 239 877 870 816 424 517 660
499 707 547 346 722 403 89 217 323
80 171 435 294 719 357 417 261 68
91 466 901 77 81 685 317 904 716
801 503 48 665 307 237 236 540 881
165 513 211 245 304 113 948 115 447
971 156 342 311 765 802 103 271 16
25 137
496 3 401 834 437 331 542 457 314 117 849 430 513 90 696 178 494 812 179 370 452 948 251 74 945
785 567 472 375 875 581 739 301 351 206 380 846 891 293 67 240 165 817 933 944 119 657 316 292 45
576 88 112 218 946 421 117 584 213 548 31 238 515 335 510 767 431 343 888 337 269 840 868 939 968
880 674 354 846 228 153 542 134 19 577 801 822 79 715 952 142 713 78 12 465 980 515 35 524 109
459 403 599 497 143 871 661 616 95 45 247 312 463 414 853 589 696 344 751 696 755 497 417 502 708
509 78 690 156 986 806 445 822 258 595 613 919 280 128 28 968 175 867 971 285 287 141 838 379 305
327 81 6 717 975 691 480 617 491 178 25 645 469 128 539 342 432 229 805 840 82 84 115 927 275
994 204 511 509 44 140 874 699 505 610 458 463 137 484 888 167 851 626 853 416 477 537 830 238 311
90 341 35 297 194 758 526 335 946 719 413 337 785 980 814 864 769 457 98 238 943 682 59 742 447
103 888 660 344 636 703 757 276 696 978 954 691 628 237 177 992 967 182 157 28 751 334 287 57 570
575 13 145 22 375 113 961 710 300 853 784 942 536 623 85 937 8 959 696 233 743 328 270 126 320
950 107 122 483 61 572 237 159 179 211 509 882 159 550 641 709 81 281 133 708 427 451 448 628 457
127 4 477 597 157 494 202 14 864 999 278 634 856 786 594 74 91 175 373 693 351 983 579 143 860
97 745 83 528 732 983 439 738 110 54 879 779 949 613 421 738 252 687 919 135 432 727 345 338 324
359 533 181 409 781 152 607 994 895 966 146 951 624 441 112 456 187 838 178 724 744 89 0 26 541
755 384 209 279 416 104 995 217 886 606 15 59 530 979 183 967 613 891 311 280 776 201 216 844 763
376 939 428 180 988 433 857 606 258 571 681 24 838 966 506 656 108 945 335 479 729 66 24 255 26
445 15 370 485 534 248 405 383 602 368 701 173 857 514 705 399 559 702 984 586 747 347 140 918 999
630 47 975 705 924 284 31 337 836 394 580 60 416 140 117 304 213 973 555 418 345 138 894 332 821
352 766 123 652 864 947 96 915 56 671 509 776 21 602 322 159 861 166 176 619 345 484 759 483 323
502 435 974 460 815 172 855 569 856 846 588 519 325 509 795 644 63 549 486 248 419 394 738 333 523
3 154 787 603 565 105 695 214 269 816 380 378 477 564 82 634 403 347 950 931 398 521 491 305 171
214 376 842 591 803 145 227 934 877 162 578 675 416 809 724 16 543 844 855 768 347 883 779 788 379
703 789 275 979 355 76 453 912 810 679 378 690 249 758 558 363 863 657 160 855 162 894 508 620 883
663 917 709 581 266 495 921 249 675 236 465 542 423 981 250 816 490 339 608 70 124 974 980 208 376
446 575 97 957 544 767 297 432 684 865 23 673 989 8 757 581 568 916 899 460 305 767 889 284 642
476 183 934 548 425 912 415 611 831 734 673 198 959 279 547 181 903 137 407 6 158 786 947 376 212
587 898 249 181 685 747 342 319 869 394 618 810 916 206 321 288 274 171 276 501 180 304 639 553 395
940 713 915 360 661 885 800 309 281 607 309 789 320 848 569 558 546 254 878 326 397 358 250 460 177
323 416 817 752 411 949 118 112 856 152 431 595 204 841 849 753 441 918 712 892 456 65 388 492 265
558 405 548 394 964 812 253 619 289 164 617 201 867 97 595 609 693 112 69 32 134 767 522 249 872
430 797 814 288 647 706 498 873 881 507 455 14 467 254 484 192 663 845 137 492 277 893 421 921 442
388 488 584 704 396 101 525 544 357 690 357 861 490 3 336 643 499 147 161 800 171 901 756 609 363
627 648 73 574 940 245 157 766 971 807 75 15 734 483 117 803 204 801 640 214 562 715 506 266 40
573 803 62 895 102 67 10 270 334 517 343 622 96 690 172 842 522 145 84 923 914 373 654 899 323
135 77 232 337 982 2 212 825 709 46 994 909 956 916 483 655 881 662 355 163 96 791 277 89 184
441 182 475 1 576 368 964 579 647 37 786 744 345 168 830 597 379 926 114 428 352 338 890 822 900
66 157 431 718 804 581 778 223 757 382 848 216 859 476 443 556 505 672 623 153 531 980 859 613 691
908 28 574 259 960 235 490 884 351 608 568 375 406 127 167 865 338 922 206 204 946 351 36 900 624
451 265 511 770 895 668 793 276 763 54 254 424 864 694 209 505 770 639 757 147 133 71 762 839 927
858 659 943 399 383 757 301 685 432 970 336 722 992 167 993 33 944 755 787 462 378 409 402 989 674
375 261 86 873 904 407 264 932 295 834 764 261 45 381 476 160 125 991 595 705 326 92 470 916 777
889 860 700 124 850 498 168 469 148 50 36 251 351 492 708 73 468 701 630 540 336 368 400 544 919
619 919 214 93 563 554 225 513 970 958 961 219 456 531 703 311 631 391 34 706 100 378 73 564 243
818 450 359 674 320 915 247 440 418 279 843 799 426 587 547 481 743 33 362 951 922 325 662 519 604
454 830 502 582 959 715 964 217 791 969 792 304 814 440 788 746 473 679 59 780 239 592 623 15 188
394 535 949 702 58 945 938 679 571 581 481 587 457 59 820 242 176 588 648 936 906 631 352 483 496
149 385 676 584 711 566 10 753 153 668 323 691 686 953 149 570 606 145 92 429 189 217 293 545 390
704 794 924 552 978 734 679 343 151 516 635 598 483 355 367 212 120 797 160 829 345 808 491 779 631
268 447 636 298 630 135 149 432 92 950 143 202 154 635 305 743 493 263 686 992 278 421 745 23 617
778 6 338 567 253 995 444 793 736 455 317 982 559 281 80 350 313 612 198 175 333 393 274 160 863
222 381 109 427 14 82 98 656 697 60 75 569 846 302 700 624 14 364 508 156 130 809 440 517 408
512 429 229 897 70 29 1 695 768 142 848 445 217 975 155 391 167 252 406 317 143 604 382 993 357
410 820 433 761 425 169 825 678 819 34 33 677 123 885 439 874 714 12 390 29 31 435 887 683 218
293 855 350 547 923 617 282 854 239 925 297 650 822 938 442 987 556 175 86 196 597 336 483 592 433
895 636 11 135 298 696 133 477 300 522 383 31 654 490 745 822 198 226 651 899 896 771 75 324 701
504 510 158 810 979 818 949 402 536 939 767 46 895 124 767 956 477 625 665 718 165 27 305 77 802
12 1 397 305 196 122 306 357 522 467 132 347 934 656 583 511 263 716 101 798 57 995 288 14 137
425 435 323 76 911 777 803 741 831 680 212 733 294 223 516 40 57 814 633 454 675 268 259 15 542
511 295 298 480 455 77 367 784 740 44 772 889 746 380 197 38 298 28 40 974 307 69 688 643 216
719 391 381 915 227 114 212 330 32 720 870 778 898 955 926 418 8 34 278 289 204 94 142 114 353
971 253 342 320 513 39 475 851 268 479 748 774 833 799 696 331 627 303 272 621 356 370 491 263 215
143 709 397 494 302 536 155 351 313 808 789 685 773 342 575 804 393 381 14 564 319 57 270 898 168
881 606 380 813 834 385 939 35 934 526 886 855 284 698 44 826 346 212 954 478 41 34 758 570 824
506 587 427 403 835 615 188 477 429 489 358 860 86 334 835 124 143 341 776 391 846 114 490 59 237
193 426 412 739 628 787 84 258 766 651 40 537 824 569 93 418 499 982 299 142 728 911 64 248 517
450 664 600 897 22 212 801 162 832 304 500 108 771 562 262 852 696 583 24 382 775 456 278 348 69
654 162 488 654 769 521 492 596 759 950 928 168 995 982 740 249 412 724 935 811 817 958 719 906 425
240 809 599 991 767 91 410 277 584 184 481 416 930 700 183 341 793 784 232 763 613 625 940 209 883
44 987 105 234 357 264 269 729 432 785 280 254 367 437 529 218 422 831 572 819 923 746 921 90 9
470 97 975 703 42 246 585 181 866 914 962 575 163 667 867 781 172 605 164 241 992 385 166 10 705
805 284 297 999 787 399 651 233 207 794 679 563 851 734 752 40 821 463 140 402 411 630 654 89 638
831 361 784 293 902 262 822 307 406 384 827 540 346 726 825 764 784 377 454 664 66 206 431 401 39
102 886 142 826 588 119 513 577 727 240 86 192 225 695 967 943 790 224 323 154 753 647 368 335 276
771 406 453 727 140 622 907 931 231 811 95 319 639 296 633 994 581 835 942 986 627 368 105 549 590
360 879 526 819 779 593 442 515 804 528 235 370 149 36 916 924 379 141 623 584 210 750 404 514 228
119 298 412 486 82 43 268 420 176 267 252 454 381 289 558 435 57 385 574 573 608 537 325 885 805
779 75 944 362 851 613 961 755 953 167 298 516 241 171 814 999 9 651 777 507 122 411 417 409 571
467 414 721 554 971 449 221 500 864 577 116 280 862 811 250 247 966 867 797 766 923 398 435 983 439
58 459 901 763 416 481 223 783 353 990 151 38 199 358 539 886 885 644 595 350 98 68 676 209 489
463 596 787 644 636 927 137 771 708 634 174 408 71 206 818 301 710 631 109 880 553 382 638 573 490
979 877 684 273 7 551 157 801 825 899 497 818 311 984 851 176 216 378 911 509 656 589 562 627 883
409 707 205 253 639 271 950 42 346 515 761 745 905 254 314 438 804 516 565 112 245 395 767 200 218
759 489 444 440 601 236 683 570 512 545 114 202 310 768 742 838 310 260 130 511 860 956 467 222 38
293 274 744 193 63 955 244 96 541 948 666 344 713 159 95 671 407 659 358 175 136 392 73 869 330
906 560 983 126 904 976 478 483 781 792 432 633 503 577 608 24 510 428 650 682 327 664 105 222 857
468 284 230 192 873 305 899 553 572 560 208 789 835 492 981 49 262 525 493 220 584 65 362 747 605
300 519 554 598 814 717 412 147 748 442 693 313 737 424 286 324 454 266 817 671 888 932 533 745 514
875 68 434 242 115 475 566 472 48 330 625 36 222 460 500 607 77 337 495 134 263 58 848 226 884
269 298 947 617 426 162 670 228 197 238 764 139 318 543 341 773 29 344 165 664 481 959 62 957 146
772 6 538 861 967 595 790 81 639 796 610 120 920 425 214 808 285 262 890 563 719 708 182 612 764
296 803 850 211 776 820 33 831 179 39 351 762 209 465 773 20 339 321 47 220 604 179 990 966 752
656 307 838 299 747 158 68 910 999 753 201 37 152 30 537 484 552 992 640 412 835 753 714 329 524
607 518 30 449 484 82 954 557 846 133 76 853 637 313 493 141 340 896 366 891 289 625 370 531 216
194 477 45 780 328 293 61 703 61 151 570 85 841 973 313 748 396 855 634 135 963 847 19 268 57
442 419 545 776 828 962 190 880 835 688 735 415 303 139 745 121 112 533 7 90 688 708 549 674 450
907 325 353 620 722 392 467 641 338 960 773 858 196 587 105 614 570 386 630 743 494 339 228 752 313
52 854 523 895 521 40 71 241 535 763 699 706 610 167 732 463 508 577 77 649 815 605 871 485 85
342 78 229 366 699 71 568 906 492 215 88 975 358 622 115 677 346 52 956 552 989 714 826 822 788
340 105 18 838 357 903 72 254 547 50 442 345 997 169 610 845 579 336 424 979 397 760 551 126 959
126 819 20 443 139 118 645 887 876 843 817 216 514 474 247 703 724 686 300 155 204 323 320 440 520
116 47 694 90 844 606 781 866 283 373 543 634 731 796 198 178 676 353 289 989 469 609 409 387 955
420 328 513 95 38 468 886 571 731 896 0 293 91 117 726 16 951 263 687 887 531 66 755 635 204
111 680 423 499 73 704 74 122 765 312 556 991 113 980 277 991 156 833 58 365 415 92 129 915 778
194 928 543 130 487 113 994 146 922 289 254 415 473 905 846 337 105 995 42 134 713 993 274 249 383
419 547 435 875 704 216 961 963 551 939 271 550 702 532 250 501 138 849 700 791 744 287 916 308 516
767 604 828 448 821 647 193 8 701 482 890 555 295 379 786 804 925 751 489 266 722 744 184 396 133
271 658 697 397 230 89 879 848 906 367 338 895 519 487 40 764 868 251 3 151 224 439 391 421 308
142 636 955 643 651 373 129 249 835 66 458 8 529 964 602 200 273 167 785 423 937 157 80 55 669
872 41 456 843 599 452 526 486 917 647 588 334 271 270 64 216 893 468 833 226 234 528 727 250 639
35 386 967 581 400 981 688 186 13 124 204 837 450 68 26 949 8 450 114 336 627 230 995 720 219
289 926 42 760 269 906 193 748 357 682 425 581 661 684 8 602 507 644 170 254 837 168 772 499 261
853 8 378 35 730 363 296 353 659 628 74 157 145 775 516 450 400 384 958 424 633 371 137 45 265
475 577 356 82 234 843 213 328 313 408 309 47 608 538 928 835 48 655 564 471 831 724 704 658 812
436 908 343 43 737 875 621 523 74 382 607 382 86 963 67 857 479 734 936 438 810 614 380 782 327
676 220 778 12 855 209 643 95 532 455 64 779 60 478 969 506 829 574 2 996 326 815 442 759 765
455 412 232 172 672 893 321 988 561 536 579 568 251 470 190 789 671 442 662 824 54 52 808 545 489
148 902 814 226 682 287 403 723 755 483 825 534 798 277 308 260 528 114 202 202 933 81 953 64 152
43 87 548 901 557 528 615 845 620 100 710 546 512 727 228 499 500 421 773 338 941 525 382 147 560
741 692 632 73 911 539 980 138 930 608 228 969 788 120 389 525 783 122 193 826 361 58 108 242 809
879 398 767 534 896 58 958 402 571 215 342 791 830 908 650 665 98 169 667 876 468 275 250 159 301
297 188 474 829 85 926 691 91 293 547 79 296 891 68 560 134 217 935 34 739 889 844 226 330 444
916 193 723 273 682 685 1 488 38 312 61 904 328 774 329 918 18 681 448 14 905 287 124 295 613
927 432 915 471 479 600 124 155 913 13 653 270 48 493 983 153 670 802 771 711 383 961 288 555 403
279 69 814 47 39 225 472 534 143 713 844 519 652 938 929 527 834 120 717 792 193 582 717 113 468
167 899 312 107 308 408 157 548 662 858 769 286 135 551 464 470 212 994 834 910 430 725 64 746 954
984 925 804 509 857 827 307 539 437 744 568 466 230 632 153 675 430 77 793 41 530 635 543 149 282
73 86 568 136 870 910 98 591 152 176 572 574 235 632 841 197 95 358 674 623 827 517 418 409 217
632 310 194 282 625 922 555 883 268 904 929 600 548 306 545 568 140 698 971 841 889 991 306 174 478
123 523 286 664 12 932 135 627 200 39 714 812 508 223 769 833 341 281 686 253 760 415 502 513 936
865 230 823 183 149 484 609 967 41 865 218 776 462 6 818 781 432 485 264 314 179 929 531 209 240
177 682 685 488 905 789 686 944 761 243 343 133 457 413 172 930 733 403 304 952 630 693 550 614 762
741 254 577 797 403 650 261 128 321 273 381 193 681 772 303 106 859 368 227 686 235 59 118 601 971
386 610 504 421 354 536 722 67 742 433 661 402 697 209 371 260 220 197 942 885 298 679 714 913 193
887 458 172 604 404 726 578 623 203 283 456 395 719 387 202 931 410 807 231 965 587 123 650 189 601
193 778 559 447 648 12 188 360 757 999 134 228 211 176 47 524 856 631 991 395 328 634 477 805 381
273 264 772 71 778 886 977 609 950 436 392 748 827 759 383 960 475 99 208 936 317 194 852 501 299
35 14
553 657 577 614 775 317 541 781 870 249 730 301 553 568 614 918 986 850 657 277 961 224 524 482 334 676 778 91 378 749 606 592 955 378 605
655 583 204 805 329 772 737 582 708 732 455 912 490 510 765 190 306 59 848 130 118 407 661 584 13 817 457 959 905 388 561 661 971 166 343
122 685 433 163 977 57 241 523 714 873 181 659 916 214 65 656 777 229 947 321 961 959 276 975 180 32 594 399 58 978 932 702 85 874 974
357 378 451 725 324 20 722 149 427 33 218 753 207 369 65 866 810 340 986 853 367 963 772 438 260 955 924 257 504 909 135 866 559 25 826
571 204 292 677 223 374 127 596 172 158 971 856 966 456 537 447 914 488 239 839 136 615 288 425 325 766 506 155 471 882 239 718 594 529 620
826 330 444 790 534 802 117 341 284 397 690 609 756 332 683 93 464 791 113 305 929 751 759 717 840 267 382 346 495 185 923 555 705 752 220
156 974 931 787 170 708 201 121 691 467 947 623 7 23 629 577 335 412 656 548 309 309 319 450 292 821 169 35 578 602 351 462 443 766 279
360 303 8 768 228 999 194 334 469 924 644 224 168 713 522 664 453 514 130 115 654 29 264 642 305 327 485 184 571 410 517 373 518 54 208
378 436 758 155 110 404 485 904 273 221 624 435 135 585 189 855 191 508 820 688 436 660 909 538 355 51 130 970 406 266 894 83 129 41 503
93 324 405 720 361 592 17 26 927 933 544 420 483 506 857 777 22 351 357 817 393 392 117 986 471 379 871 456 395 540 210 618 424 294 167
127 488 117 404 193 375 889 259 922 465 374 960 484 96 226 371 13 434 639 858 138 659 489 619 835 48 482 56 264 92 845 251 594 509 903
941 709 449 108 378 636 462 457 247 678 503 334 471 848 958 327 1 59 542 979 822 287 464 412 562 376 641 0 169 471 865 359 292 701 959
430 108 900 891 540 22 798 972 523 216 906 243 577 683 67 424 520 281 764 748 210 121 738 447 593 456 272 674 781 66 377 775 895 682 513
312 295 766 436 62 537 655 396 787 93 911 725 977 823 892 379 220 572 532 678 486 118 977 437 274 49 975 953 603 583 819 667 805 745 599
48 72
474 606 67 553 457 608 51 956 279 425 982 950 786 384 814 82 309 645 783 433 252 514 168 949 265 43 982 96 382 760 794 165 340 80 828 612 131 545 488 524 171 989 656 564 683 158 306 234
647 726 187 776 423 688 476 612 894 251 157 375 633 416 807 409 737 442 790 475 26 942 182 556 108 795 477 192 97 467 770 989 705 458 677 64 715 951 639 584 589 737 619 953 29 515 621 869
800 243 257 189 796 792 655 222 82 594 846 898 334 518 919 12 985 522 940 32 342 614 448 145 92 996 160 733 356 665 835 703 635 524 230 484 450 190 971 752 284 931 554 658 352 856 936 261
728 389 288 632 873 93 8 480 580 620 109 532 748 881 825 977 617 652 100 767 884 177 504 212 180 605 858 664 232 200 158 833 678 252 498 264 532 286 197 67 269 922 649 684 694 588 816 282
857 716 259 430 345 433 176 33 736 745 173 92 942 911 928 120 314 631 736 80 358 887 978 755 110 238 661 438 337 81 271 809 436 363 187 849 971 509 218 711 889 430 379 566 497 757 366 347
854 301 869 144 48 72 620 689 561 463 487 794 175 833 502 584 242 266 365 80 248 133 407 806 543 301 212 927 339 145 440 104 248 63 454 504 883 122 405 147 508 214 865 201 54 187 133 230
58 352 432 163 17 675 830 14 177 254 177 229 258 123 663 48 721 204 213 424 797 724 460 938 416 202 227 785 712 200 797 971 246 806 189 819 774 372 887 95 401 744 169 978 167 685 90 668
465 109 561 384 310 207 457 7 181 324 163 196 235 727 973 327 364 140 898 750 367 179 290 873 933 484 476 892 866 156 857 51 408 881 74 776 832 843 149 361 202 340 731 224 63 337 686 419
709 585 985 109 459 382 528 772 622 905 619 141 203 811 109 116 749 417 257 281 122 239 527 839 385 961 147 183 62 6 502 733 849 934 802 32 676 445 400 816 660 304 277 875 218 24 604 617
426 100 845 721 827 948 431 883 368 460 785 64 910 813 72 286 88 234 628 336 688 473 787 629 903 696 826 696 302 883 113 137 573 411 662 674 180 625 781 996 296 132 255 306 409 783 49 462
698 790 671 819 56 210 343 596 246 354 34 187 664 813 713 628 599 782 69 162 301 871 738 50 49 529 788 871 245 275 707 14 222 233 603 499 460 343 39 539 322 878 134 844 704 413 566 569
184 204 745 659 197 926 77 981 475 229 313 94 227 130 557 220 173 148 720 71 699 665 920 275 963 123 286 683 870 693 839 578 207 926 138 851 462 133 583 557 925 598 989 831 514 523 727 962
799 215 551 214 927 375 44 293 41 666 40 864 33 298 549 334 286 755 89 180 806 316 887 378 793 260 64 386 620 39 586 254 388 833 16 826 414 314 546 72 164 946 182 67 651 518 23 118
843 220 365 229 62 100 629 412 133 632 19 279 711 438 117 874 427 426 729 482 89 729 642 763 908 356 655 652 298 281 597 504 199 409 662 102 718 589 529 691 810 386 796 246 540 119 848 732
910 748 236 510 928 45 324 48 352 79 563 963 671 691 919 973 482 433 373 815 310 990 620 847 888 217 429 935 515 354 315 574 563 268 8 918 330 790 361 742 81 324 707 792 354 491 254 533
323 892 816 368 798 688 477 40 702 846 718 514 92 824 903 207 851 485 446 698 49 899 137 421 183 858 582 611 283 65 337 793 20 715 474 977 725 938 221 103 790 784 86 832 687 385 772 39
278 453 877 522 187 716 810 100 178 171 77 413 977 438 288 959 211 550 520 74 524 173 50 162 726 800 189 487 995 533 696 310 12 716 325 814 737 994 318 789 626 540 774 100 613 578 700 304
201 604 60 771 979 929 710 411 287 685 539 457 137 866 925 860 28 379 974 910 43 125 212 863 358 271 723 330 256 20 780 237 798 342 125 932 762 453 489 408 57 256 881 772 817 699 554 593
504 266 705 898 569 141 285 66 104 460 596 669 783 781 512 925 850 251 675 102 129 329 985 779 515 352 886 610 627 678 991 13 654 528 557 83 898 481 943 439 934 458 527 439 965 980 961 439
636 844 599 807 223 855 112 515 719 607 386 897 47 164 421 224 127 574 266 679 736 225 604 620 352 642 814 406 689 146 966 381 478 193 712 488 77 892 325 903 691 138 910 11 604 388 875 858
610 299 497 656 137 862 764 850 368 644 449 556 962 446 447 486 662 321 526 874 307 787 393 601 656 859 912 7 251 686 626 220 761 928 73 428 814 752 462 897 493 655 118 320 145 225 101 554
213 580 946 835 881 218 627 328 878 706 11 692 61 876 328 372 738 172 282 861 295 966 282 202 974 355 135 578 254 931 702 985 659 812 875 997 191 809 419 404 125 406 284 92 919 107 111 748
670 536 573 337 763 144 656 731 796 985 43 730 353 723 573 706 31 182 73 663 212 57 169 981 596 176 973 142 908 710 487 610 725 780 553 850 988 640 257 54 679 41 547 320 698 329 575 320
330 581 765 120 274 866 126 43 533 24 709 298 155 651 206 592 271 687 62 215 392 908 604 337 615 506 278 644 360 191 422 720 293 687 334 874 359 779 81 406 678 981 893 928 675 538 102 84
948 601 565 856 752 348 761 46 331 461 796 446 300 387 65 99 694 204 396 108 36 748 139 486 208 335 779 152 141 388 87 152 827 356 989 484 428 697 872 12 989 705 357 918 598 101 72 321
510 93 423 990 993 367 179 299 339 935 322 3 273 393 847 387 326 37 190 493 203 403 90 666 91 831 378 468 686 230 20 10 452 642 120 672 805 633 393 622 254 117 935 263 215 848 848 981
987 831 416 722 679 785 647 506 38 687 970 256 884 5 564 159 506 322 582 682 401 189 821 669 179 8 892 165 230 458 169 725 698 336 916 764 110 803 85 91 38 680 405 587 863 371 905 358
158 237 138 372 830 81 744 186 768 761 232 390 632 334 435 477 13 784 793 121 337 58 494 117 266 938 652 283 417 608 553 497 561 909 507 470 258 997 57 747 182 784 387 368 691 765 509 460
291 360 384 282 856 94 505 576 636 150 838 849 688 939 566 830 211 719 337 456 205 266 896 762 853 276 182 444 960 607 639 194 555 808 183 951 747 559 831 60 794 796 323 238 477 229 80 447
36 6 204 491 849 392 14 541 949 461 672 715 183 963 849 800 406 127 848 48 977 275 958 761 661 843 324 385 167 213 773 498 699 664 149 485 949 750 938 622 837 52 305 188 920 505 940 764
644 573 499 174 100 173 457 936 893 516 288 441 264 36 335 505 138 381 603 800 616 125 740 980 694 857 762 622 618 850 327 103 37 732 414 679 90 659 437 439 346 135 591 776 158 785 69 51
23 566 694 706 387 708 572 118 360 867 346 227 846 254 899 969 160 906 571 597 740 942 556 191 683 203 234 669 595 885 824 320 763 955 479 765 846 564 131 374 19 171 825 194 524 844 694 579
255 191 106 174 962 941 549 713 2 88 216 152 669 704 991 560 501 3 173 447 0 701 657 219 983 344 127 859 460 693 226 747 368 708 849 876 323 984 696 891 669 343 697 240 132 713 738 387
887 495 224 674 443 462 700 653 140 987 877 846 814 745 87 355 516 368 562 150 745 737 822 143 789 616 229 95 322 329 849 713 303 702 705 653 653 135 126 812 345 491 90 691 97 815 715 113
451 341 397 355 730 342 294 251 969 42 597 396 461 71 117 818 639 921 383 199 463 649 110 360 423 273 783 914 247 431 792 871 660 48 736 605 671 743 96 601 555 782 976 736 127 172 645 814
981 239 722 418 825 340 604 866 238 237 827 251 246 226 77 236 137 707 125 691 616 901 685 104 625 787 471 993 14 431 850 645 225 1 114 93 579 647 873 424 86 78 326 118 735 472 411 487
376 558 803 157 660 807 363 343 997 498 417 656 939 361 458 87 469 343 112 224 381 723 28 267 71 53 544 915 474 384 641 898 842 864 635 459 325 935 517 664 989 915 774 501 837 345 744 981
312 656 195 27 78 823 654 155 728 137 906 259 806 515 463 412 271 682 483 805 713 626 768 546 657 61 198 985 766 409 289 301 321 357 308 398 799 612 485 217 634 99 299 444 501 896 582 501
599 788 838 83 817 866 358 765 563 448 274 546 364 750 991 89 337 653 554 753 864 162 963 947 565 498 771 287 373 360 317 773 33 517 649 166 981 279 534 465 2 381 281 537 464 442 753 447
704 9 429 421 177 416 680 371 337 151 67 749 663 986 996 596 518 997 566 140 901 433 625 854 5 724 427 831 178 733 327 81 198 912 197 944 530 262 466 879 966 130 90 772 963 423 27 10
502 846 92 6 696 998 37 740 341 524 545 978 42 742 777 293 170 875 443 851 762 462 235 697 971 834 672 54 448 263 827 583 169 701 731 516 304 57 653 763 282 462 234 748 943 230 712 221
637 433 286 119 442 645 674 112 377 615 342 434 720 737 427 484 903 765 148 407 779 96 502 628 371 402 718 588 891 901 516 64 888 916 702 938 418 158 320 548 945 155 323 503 425 950 635 247
896 955 934 325 66 244 858 941 818 303 918 234 476 562 419 390 480 905 364 950 426 679 252 957 168 387 463 71 172 949 804 169 307 522 841 904 461 804 72 303 637 77 912 565 715 965 431 63
944 10 407 241 90 64 558 426 49 274 843 393 81 887 133 987 265 968 86 223 915 416 808 219 581 197 247 679 208 431 871 83 775 863 591 421 385 578 943 341 323 798 933 405 232 859 294 427
170 517 44 577 662 434 739 23 370 927 856 655 442 528 604 978 972 351 141 241 409 357 885 686 693 199 440 563 752 834 112 355 390 258 19 248 660 80 152 581 460 786 909 789 723 159 341 180
576 923 744 973 376 712 179 43 904 278 921 3 659 652 650 697 565 231 244 963 382 218 111 660 347 551 429 57 9 637 802 649 59 283 176 32 855 595 158 61 900 323 938 309 623 96 52 751
70 803 645 130 492 889 225 91 726 789 673 188 917 913 19 945 165 158 213 356 70 600 472 756 665 413 674 49 901 590 7 340 482 295 81 909 5 236 181 772 798 325 591 820 343 884 337 228
374 532 560 560 292 956 80 440 615 884 545 240 332 432 746 960 417 890 565 140 523 349 211 198 499 311 761 346 606 550 179 491 901 182 312 476 986 842 486 26 437 402 360 880 182 91 349 99
227 957 811 415 300 185 323 465 269 82 223 838 148 318 977 556 468 676 30 920 201 0 739 24 92 812 854 882 65 682 673 148 232 960 690 470 177 882 142 733 284 838 175 353 759 236 476 81
761 69 433 389 335 422 734 780 972 829 460 447 951 955 116 797 255 850 306 97 650 680 299 530 223 733 51 161 584 298 35 320 509 210 937 593 676 901 607 700 741 115 536 381 926 70 624 334
394 835 852 696 799 995 971 680 967 476 371 216 655 61 486 595 871 202 350 461 866 709 343 562 335 894 140 550 966 828 757 645 175 452 55 956 823 649 181 607 204 806 189 220 124 568 510 824
49 942 481 905 200 221 5 204 121 415 719 728 633 437 82 451 935 957 732 475 812 341 497 335 286 712 883 791 495 960 98 529 209 118 993 750 789 454 129 68 277 182 418 677 374 512 943 536
441 397 697 607 204 941 263 952 909 981 365 296 391 792 18 293 24 369 782 802 634 367 636 657 641 722 308 836 756 542 68 516 735 613 392 382 560 194 136 915 897 419 401 783 325 254 119 764
134 200 137 623 623 25 221 75 630 124 925 629 468 422 194 144 359 701 721 50 560 19 619 974 417 322 457 51 161 946 23 494 987 834 41 915 227 667 124 258 323 963 662 928 550 457 832 698
595 12 514 841 235 208 224 19 534 547 692 814 347 877 437 563 927 519 174 136 40 406 897 510 378 72 678 589 393 590 342 828 921 458 765 669 275 731 776 696 656 974 427 535 754 695 374 651
105 297 377 421 308 530 405 663 345 611 989 916 815 406 397 780 625 208 929 661 182 658 410 327 855 738 445 358 608 919 860 38 642 694 649 426 96 966 55 685 353 227 75 661 446 664 444 332
197 454 87 697 117 5 342 758 706 0 922 411 715 14 534 836 930 334 222 183 124 283 568 840 730 592 345 560 39 766 11 163 859 643 318 32 824 661 29 439 827 711 962 271 540 316 812 453
329 794 720 11 464 456 974 760 308 403 134 29 2 981 635 248 877 784 558 980 702 689 310 417 264 80 134 728 899 567 655 201 167 442 464 912 540 102 851 910 887 380 707 236 559 991 699 397
713 372 976 764 505 27 497 572 106 339 165 23 728 386 566 689 811 437 165 565 663 476 551 816 74 802 254 29 358 652 131 17 568 696 666 57 335 16 286 80 641 743 711 148 314 331 666 355
831 195 536 171 266 11 40 607 374 902 897 473 862 691 939 884 681 836 886 281 417 642 382 21 428 573 357 240 66 835 313 241 833 158 912 608 133 779 64 244 867 7 684 846 656 245 372 534
726 591 52 773 631 529 32 771 765 668 614 721 49 969 949 217 626 323 557 973 168 723 143 285 833 166 357 878 748 90 525 639 413 89 811 389 905 13 333 538 450 820 458 393 909 214 557 989
521 645 967 42 163 963 411 356 56 987 590 47 194 409 575 471 191 947 971 897 590 996 924 362 484 383 722 342 646 457 970 859 336 402 495 112 493 29 246 680 55 565 447 747 706 794 937 366
708 573 732 282 392 561 453 651 907 267 5 338 150 227 491 197 621 898 492 389 423 550 104 80 856 789 454 353 115 943 875 725 652 398 527 510 365 194 416 645 727 336 763 596 195 691 576 202
897 926 934 66 569 105 287 678 449 338 837 688 839 261 965 314 678 111 947 767 222 792 390 113 687 551 685 547 142 194 154 210 724 838 30 552 203 140 573 961 867 381 211 562 948 263 560 966
948 191 744 147 723 122 422 493 805 823 82 609 703 184 0 853 862 473 611 934 413 511 353 249 573 645 121 230 98 866 323 650 356 375 135 500 587 360 944 986 295 394 34 877 782 52 202 827
343 232 973 51 174 715 564 926 305 347 342 396 835 401 998 92 535 191 495 657 48 92 165 697 414 989 942 199 563 62 856 964 166 770 109 425 352 424 685 512 301 494 506 748 822 66 338 158
389 190 128 593 64 540 836 489 617 666 740 567 653 888 675 160 836 0 633 559 393 413 740 287 771 887 245 422 74 5 942 542 21 181 266 38 108 336 253 129 866 665 454 261 245 839 378 375
593 393 396 637 634 402 833 203 193 46 584 770 728 235 954 6 41 227 606 167 844 985 329 683 391 322 340 473 419 638 998 937 181 910 635 827 763 217 381 205 15 818 706 592 808 644 295 909
327 489 699 908 287 166 215 814 626 996 813 612 375 643 645 6 80 71 56 513 355 623 39 675 423 540 28 905 922 63 731 211 728 310 866 333 39 969 375 785 273 767 753 68 665 622 209 575
505 883 290 527 339 495 615 990 103 339 357 707 565 965 41 704 60 131 50 266 586 815 121 926 236 276 432 914 960 984 890 698 177 147 594 917 996 879 390 431 249 136 197 679 355 693 614 708
947 879 123 747 305 610 542 628 229 955 51 439 54 777 199 801 553 686 222 179 28 231 491 572 19 802 212 486 258 0 84 983 676 507 421 497 156 362 501 187 162 955 505 681 625 224 728 138
822 349 593 793 187 112 590 823 845 74 531 238 131 814 698 281 112 991 441 218 987 718 479 427 685 989 386 362 170 190 309 263 683 239 744 687 883 794 136 726 129 639 673 265 414 934 177 490
8 149
530 260 243 334 794 826 50 512
835 557 862 53 826 631 732 822
801 683 262 339 760 558 441 358
654 702 193 715 617 634 819 786
762 875 995 120 868 858 0 786
470 562 421 571 471 494 793 409
866 446 801 995 370 318 660 309
952 328 528 840 418 636 251 979
382 236 20 102 304 949 35 401
672 19 487 369 664 635 639 635
732 807 458 259 434 806 594 967
588 106 670 199 228 478 568 920
879 376 791 58 501 91 909 367
913 80 563 733 964 30 692 653
438 303 120 892 399 477 834 514
435 77 83 218 733 522 720 785
149 797 378 195 652 204 285 274
464 441 451 456 187 885 362 967
433 709 43 158 666 179 420 255
540 127 904 287 181 752 341 638
727 621 918 64 669 369 579 139
845 415 14 298 479 802 503 664
572 417 779 753 194 760 839 846
56 154 795 303 541 614 973 895
22 976 148 882 791 129 655 562
913 17 484 290 933 76 189 490
120 131 480 717 504 461 101 599
310 134 22 666 340 22 218 323
617 604 634 369 283 421 825 262
932 416 925 434 976 164 939 771
213 796 130 753 300 914 589 409
271 121 911 744 364 279 819 347
505 723 778 749 128 644 385 313
573 19 233 0 285 449 256 492
162 739 545 70 149 749 207 294
315 181 696 177 954 850 736 743
781 933 347 517 639 358 311 209
149 82 136 461 567 547 94 989
920 761 141 148 339 992 76 388
689 689 136 804 944 662 913 871
486 840 868 603 615 819 563 495
147 869 963 561 548 931 852 414
78 44 166 435 951 594 226 484
585 102 822 275 422 571 742 515
532 134 311 205 649 444 317 603
160 493 336 547 212 72 914 879
869 782 700 114 89 203 442 421
301 187 716 900 804 593 63 42
6 510 635 28 356 808 197 620
956 841 16 869 105 66 112 543
700 479 656 643 112 628 188 697
538 952 841 31 992 209 236 942
101 281 168 512 610 488 276 452
942 881 828 245 256 705 262 455
620 182 544 444 173 372 449 926
179 790 821 526 149 522 229 53
952 534 374 64 840 682 608 657
934 126 426 364 491 478 92 783
549 19 942 446 448 867 583 846
974 331 112 440 761 869 834 872
568 669 709 366 968 520 467 380
389 863 300 722 426 800 83 815
582 430 24 545 367 706 472 775
315 826 2 100 36 745 219 478
596 862 301 832 706 594 803 653
171 996 304 711 629 479 161 191
223 864 800 909 157 944 442 689
539 760 611 803 744 574 537 73
629 370 574 615 253 886 322 628
16 670 592 298 299 556 471 438
82 615 877 209 64 797 39 918
318 239 891 117 138 476 690 511
594 760 16 835 138 78 638 809
834 876 915 885 52 230 606 437
708 758 694 550 825 410 485 909
35 374 163 346 805 196 727 465
132 145 252 652 377 314 353 819
948 382 856 142 833 94 140 420
528 442 989 76 503 86 526 461
410 125 809 761 46 245 217 495
219 947 968 193 777 592 818 171
780 37 369 478 378 738 331 43
139 365 633 435 419 361 49 31
109 693 278 140 728 991 638 281
542 368 917 92 170 914 529 961
930 0 701 804 910 612 185 778
248 766 562 707 612 164 694 123
434 893 387 761 433 267 224 623
126 456 988 179 109 671 966 173
407 439 700 2 678 163 624 216
501 198 312 548 987 350 317 432
561 85 14 409 841 64 886 672
938 33 595 95 10 952 593 910
859 602 46 454 721 232 319 839
418 524 483 509 631 471 686 472
611 638 409 300 353 838 520 469
819 237 524 911 240 236 554 630
341 818 19 50 336 818 389 477
161 920 275 719 497 7 857 409
807 303 115 457 929 437 237 638
16 516 389 741 960 3 977 675
14 190 963 412 610 385 636 851
63 570 488 274 721 599 262 996
550 72 43 874 16 406 63 227
954 92 408 663 121 589 438 974
981 135 823 900 888 326 611 265
103 43 218 470 766 582 621 873
880 250 939 277 87 216 773 100
393 271 860 727 700 563 497 111
987 611 141 612 306 192 82 910
894 378 930 643 121 988 566 264
244 988 842 131 941 36 127 240
804 436 857 787 161 652 858 22
416 892 758 379 487 999 497 99
695 463 918 96 529 242 946 585
963 678 928 940 99 425 29 521
764 212 879 131 527 744 282 994
291 330 883 72 384 387 520 497
704 499 311 406 991 231 591 531
764 328 437 872 105 175 903 933
256 838 702 553 310 960 671 205
581 283 554 996 668 461 32 654
689 229 302 117 834 4 15 455
552 723 441 134 62 934 854 589
209 562 470 116 351 43 915 181
589 961 645 495 340 788 895 474
667 941 218 741 339 535 712 597
103 190 612 439 562 119 968 416
118 480 159 851 442 201 348 571
795 348 858 113 351 24 654 983
454 468 682 598 882 730 164 13
600 138 454 467 990 233 14 536
192 697 41 527 470 571 524 910
857 738 499 433 982 362 69 324
345 257 920 671 558 957 993 951
867 518 303 402 986 316 745 115
742 164 524 416 276 680 977 88
533 741 167 472 536 849 349 760
973 228 987 522 255 974 577 938
370 826 327 396 749 729 359 746
793 610 80 293 564 288 925 575
991 740 365 287 806 229 220 140
913 918 770 373 654 239 507 160
514 870 527 641 200 831 274 605
937 73 782 136 453 548 567 268
576 736 127 436 144 943 556 504
614 638 991 489 923 367 590 455
45 771 501 760 587 374 120 756
477 908 764 727 159 75 783 415
17 27
355 914 419 114 131 812 817 836 391 689 743 924 867 109 882 330 525
721 740 14 37 834 482 766 44 593 404 334 620 508 844 639 416 902
163 395 605 171 512 816 770 134 418 347 260 830 280 583 853 166 415
214 317 948 844 6 10 405 899 304 972 855 695 549 260 31 251 498
583 955 888 246 5 242 496 546 998 35 507 280 759 924 471 222 921
661 549 117 820 476 721 213 426 209 283 740 726 740 324 159 975 390
395 744 744 566 49 568 594 309 233 62 123 316 300 521 457 340 451
883 546 157 775 470 878 612 374 867 431 303 526 673 87 451 831 795
411 720 348 254 791 682 555 905 370 28 797 917 691 32 64 31 500
866 467 43 614 854 89 299 838 823 969 129 454 794 653 66 511 457
171 931 957 172 617 496 699 349 60 10 625 3 481 625 75 386 941
691 620 409 899 508 187 236 37 566 5 58 133 90 91 290 796 488
925 242 218 860 926 632 223 353 882 268 457 442 742 797 615 895 576
732 166 605 799 78 82 121 827 333 199 814 975 401 240 301 222 803
280 964 340 59 623 594 319 755 559 362 982 547 103 694 320 726 368
878 0 181 959 418 8 154 362 588 836 504 255 305 0 521 841 649
844 416 635 636 415 144 778 440 354 380 295 153 622 745 338 488 504
281 261 872 492 809 792 636 889 142 96 692 876 203 526 930 886 317
69 104 650 259 692 605 962 944 45 824 177 892 260 539 727 874 316
387 688 267 239 127 126 226 757 912 160 945 615 928 691 980 539 485
592 980 227 192 990 648 481 353 378 415 742 470 468 360 956 428 931
942 344 101 388 502 196 202 327 987 739 707 330 684 95 452 346 796
735 714 399 266 701 575 544 850 208 666 303 436 516 715 486 3 867
469 521 777 414 829 6 321 884 970 651 541 55 5 103 17 618 555
692 943 535 648 155 645 201 151 352 396 302 759 311 298 151 88 456
459 611 847 295 387 152 293 815 263 243 167 519 796 699 970 989 352
857 989 387 232 154 819 816 602 120 561 760 892 198 453 198 556 26
50 200
404 215 840 678 192 530 192 695 739 240 15 177 32 751 214 464 189 890 835 219 64 566 653 667 619 215 17 180 271 387 260 275 824 743 874 128 192 673 606 670 598 789 682 185 696 900 762 751 750 867
532 658 169 944 314 45 532 185 44 453 250 632 935 538 304 114 483 934 972 856 892 285 535 552 974 902 159 548 430 129 511 738 663 201 523 750 91 428 71 749 195 728 255 251 48 576 109 872 298 0
318 311 241 389 358 223 459 280 917 93 213 509 321 313 229 647 758 744 735 519 620 554 23 772 785 253 999 541 510 626 617 717 245 22 967 6 723 99 440 65 931 384 990 748 644 231 430 749 739 598
120 662 804 544 120 842 725 860 611 456 323 814 78 733 162 885 500 798 295 309 726 559 88 485 992 573 182 268 738 587 953 736 700 75 93 31 741 450 661 977 294 985 677 478 986 794 171 316 625 840
585 811 861 18 900 677 572 121 489 728 592 728 353 494 356 683 274 391 720 667 640 261 342 506 779 720 917 57 307 643 246 842 881 167 893 27 648 454 434 936 892 283 705 532 50 960 783 753 904 832
87 822 566 278 636 728 613 782 951 317 295 410 386 925 16 231 606 425 699 762 938 665 799 437 990 616 852 671 567 723 625 930 843 266 112 118 711 6 476 198 367 316 489 146 959 312 437 765 751 77
189 528 260 668 395 526 628 156 495 377 178 673 852 789 796 608 805 780 689 169 207 338 486 590 240 57 691 708 64 288 122 871 343 591 231 410 711 719 310 583 876 511 905 92 849 418 418 783 637 247
344 852 494 401 829 700 292 105 735 152 433 224 477 486 152 313 37 763 788 14 923 50 586 26 460 108 121 351 756 448 528 953 269 397 34 723 722 998 318 928 827 93 857 525 545 323 232 501 748 6
744 780 394 573 913 16 371 24 555 493 523 51 559 545 480 788 833 168 389 323 453 384 822 154 959 278 93 877 895 107 253 828 245 914 620 886 538 331 590 481 511 349 471 63 41 887 577 882 982 968
632 76 689 543 698 64 676 869 323 365 614 907 631 20 267 214 465 520 604 34 116 598 734 949 88 981 143 59 280 943 342 187 449 912 787 927 317 727 719 49 9 795 92 285 244 319 328 778 833 489
647 637 142 296 207 231 830 556 264 821 660 642 91 721 114 744 129 807 128 222 416 635 824 430 658 145 410 101 30 532 596 370 435 331 140 510 762 426 425 101 732 453 446 828 484 530 329 275 30 599
699 966 567 273 16 94 335 839 730 613 517 238 361 762 129 830 542 209 776 597 568 183 267 379 719 917 553 942 374 770 31 471 254 86 357 980 265 100 611 935 228 280 707 791 241 290 48 525 596 609
400 410 228 859 54 775 140 571 875 117 195 677 534 575 601 279 209 68 523 320 598 681 48 165 602 847 84 65 513 256 669 493 866 896 341 512 204 266 32 25 641 280 543 307 938 975 899 488 396 450
477 345 105 77 150 741 281 965 242 992 931 847 483 357 487 847 579 784 990 690 66 685 748 21 601 925 268 719 965 226 964 404 320 328 171 804 917 351 65 3 35 534 246 338 412 35 581 191 886 800
378 336 801 368 10 998 594 890 10 71 967 948 811 740 212 213 692 524 550 748 121 184 54 876 722 682 185 836 783 456 173 786 266 245 150 297 949 697 482 515 583 743 425 984 73 400 817 430 29 119
905 859 929 260 861 762 392 117 649 875 802 234 858 918 478 599 609 568 469 208 425 671 792 664 747 835 500 394 303 438 237 611 958 485 513 888 750 191 679 28 238 742 896 413 323 699 996 336 330 919
712 681 622 255 911 744 460 111 854 560 805 483 764 850 269 834 442 250 58 188 167 784 38 901 632 553 224 586 270 375 352 28 672 406 242 187 907 808 677 364 742 340 965 70 523 291 285 985 595 435
321 800 905 735 258 689 586 742 955 899 907 547 533 447 884 966 958 642 908 665 166 17 781 237 693 494 817 909 575 963 397 523 810 868 100 915 690 386 719 901 643 677 444 670 615 601 429 9 943 588
435 105 279 671 434 355 334 76 414 362 827 663 350 35 303 719 656 570 14 375 462 548 151 216 112 7 231 858 930 319 808 18 239 370 24 30 173 398 503 391 11 289 313 622 736 249 846 474 638 934
30 217 864 573 848 141 303 806 828 457 627 976 736 412 232 379 993 741 87 902 90 40 462 546 193 783 915 815 688 45 573 149 889 879 515 390 606 564 106 531 280 814 232 196 574 345 22 803 665 324
270 699 181 646 554 901 283 267 789 443 348 831 613 881 400 434 785 553 497 620 767 558 41 683 74 723 747 578 378 996 105 940 132 989 602 394 532 642 446 298 576 215 316 793 143 473 419 665 121 140
632 238 233 15 457 293 488 669 575 199 228 61 801 693 393 340 982 188 38 737 739 275 267 274 583 146 706 717 226 693 516 137 93 833 373 246 222 215 427 978 954 87 498 14 289 22 316 80 852 491
175 370 498 470 703 363 108 595 6 389 221 814 505 823 926 150 989 275 385 959 81 426 980 74 206 855 528 80 245 442 315 256 671 942 251 101 731 524 660 939 211 713 619 731 472 78 988 653 808 110
881 373 493 622 252 89 135 800 832 354 300 952 442 762 487 299 341 485 279 700 439 699 418 665 62 788 810 846 567 597 254 976 536 786 476 772 108 316 926 281 863 509 682 507 507 242 510 274 538 353
356 363 148 418 346 597 772 739 990 670 454 30 376 775 988 862 160 918 618 658 449 410 406 153 366 300 820 791 21 380 656 607 745 585 997 969 484 149 326 437 28 465 715 25 221 397 302 672 752 162
359 116 738 51 133 461 408 889 661 690 762 879 704 255 6 806 160 408 406 410 723 453 484 900 380 374 229 176 590 233 236 746 642 409 217 749 299 554 641 900 352 779 407 181 970 250 547 762 854 654
459 378 549 457 999 320 218 196 537 202 156 896 676 668 53 586 77 262 818 191 512 324 876 689 20 748 701 416 89 21 495 580 840 806 970 297 524 829 501 868 440 473 887 190 145 834 606 647 366 567
184 541 941 448 256 308 663 654 427 216 127 288 235 385 983 431 579 694 251 667 5 558 930 207 257 50 331 211 358 687 828 857 550 411 697 162 21 549 490 26 866 290 701 561 266 758 711 131 320 776
757 907 473 153 160 603 160 53 160 599 333 523 904 539 116 250 858 721 899 348 420 136 323 920 700 673 979 410 544 76 721 846 393 451 155 637 745 309 845 183 946 630 827 530 193 700 42 913 819 677
890 897 998 239 686 24 787 57 271 614 699 808 966 313 288 500 33 715 461 189 376 527 472 768 336 572 759 182 767 897 977 414 729 946 463 41 35 394 170 743 542 362 782 161 590 992 648 391 596 115
244 555 8 886 371 845 395 307 522 736 156 106 814 452 889 738 751 997 497 535 906 61 392 973 868 646 250 644 763 522 67 892 495 703 583 163 586 221 741 181 939 633 657 619 657 71 115 303 422 475
858 54 58 473 228 487 186 455 954 364 160 895 408 55 773 609 291 439 837 928 614 130 554 59 374 85 307 223 581 465 805 828 252 968 2 973 660 506 666 68 366 193 752 573 81 171 567 1 213 433
692 222 758 883 373 949 227 631 178 621 271 538 83 622 704 701 963 456 30 883 395 341 198 43 922 988 288 601 60 287 781 738 960 567 653 960 334 151 792 258 232 879 603 855 137 874 54 780 172 346
955 37 158 882 121 233 670 867 195 425 596 323 315 121 64 652 282 600 836 265 764 837 205 374 799 315 309 816 333 214 173 667 19 102 666 515 857 723 773 308 778 50 215 718 486 759 204 835 831 139
136 571 424 417 679 619 517 531 337 129 622 578 590 811 78 6 23 280 244 651 86 470 447 140 886 758 87 700 893 6 522 867 488 101 940 453 248 724 683 218 885 475 658 161 824 466 419 470 333 897
779 22 241 881 345 849 504 717 798 399 418 419 548 629 774 568 832 506 120 99 194 38 79 736 295 587 586 920 140 470 93 70 541 487 950 365 423 654 125 313 347 721 683 396 604 68 106 130 44 848
973 750 753 447 209 470 206 191 901 61 535 5 958 952 500 100 934 347 298 526 502 716 422 169 601 391 892 542 219 700 31 86 873 519 962 230 723 223 22 413 104 841 173 100 280 677 974 861 528 849
394 454 82 308 527 888 627 622 42 739 849 871 746 5 892 613 995 355 531 217 889 102 75 812 589 570 876 830 172 339 845 728 334 993 705 227 285 198 833 672 495 836 588 449 885 564 180 768 461 885
707 198 909 282 470 590 825 488 417 676 118 814 539 904 16 181 443 752 673 522 763 261 659 801 261 460 336 828 667 623 240 373 250 53 235 312 562 928 423 949 343 997 28 437 580 666 534 314 993 683
323 228 346 869 446 857 83 142 339 269 360 580 716 394 857 190 675 33 630 336 128 306 951 723 166 1 16 364 257 17 515 500 987 325 750 344 736 21 734 185 254 766 812 942 240 85 383 929 389 853
266 0 724 239 232 69 219 705 901 184 57 402 327 131 465 925 757 134 912 564 54 260 24 607 118 309 670 533 148 574 656 891 143 630 731 379 410 163 460 926 141 908 774 372 215 256 748 851 393 983
863 551 812 718 18 721 222 881 596 923 329 645 877 139 708 772 101 686 334 580 513 143 416 154 752 320 586 467 181 264 529 539 445 301 471 129 420 908 76 691 347 927 636 878 805 462 489 337 129 609
779 650 426 245 484 137 302 197 80 876 692 803 581 210 18 927 656 44 70 143 945 601 755 8 103 921 613 436 23 68 9 924 217 612 63 296 115 136 545 212 498 507 97 909 278 540 214 797 918 463
391 579 404 844 387 119 530 710 992 740 693 543 971 591 584 994 407 999 460 265 497 365 799 368 332 502 123 370 96 70 273 602 697 703 341 181 85 3 340 94 357 695 195 633 751 200 673 932 100 162
144 235 750 143 408 916 452 837 469 442 537 395 129 357 650 180 957 506 351 197 421 367 171 796 233 114 55 762 275 386 596 307 638 590 96 594 675 821 635 882 674 494 74 747 359 145 803 82 227 780
34 260 53 579 787 948 128 58 322 379 575 157 776 55 958 242 62 24 578 741 639 942 716 932 816 55 458 524 60 888 207 796 414 473 749 456 677 390 439 369 263 412 683 867 335 209 432 863 217 526
861 474 881 265 42 694 78 110 155 343 212 951 730 945 738 212 644 712 433 76 575 551 791 244 409 285 859 439 701 29 329 919 122 110 128 738 485 82 139 121 104 58 869 30 475 682 64 572 106 505
231 595 487 940 858 747 489 164 50 593 412 381 902 344 659 415 38 122 884 234 318 928 355 950 61 526 130 833 414 441 896 213 670 413 671 473 616 123 50 934 733 392 598 157 712 972 0 607 81 353
391 349 904 322 420 673 173 246 232 53 13 501 700 659 936 402 935 148 488 826 987 781 84 732 529 126 503 457 527 885 386 238 471 227 689 887 737 637 173 407 92 294 125 917 905 882 563 73 168 798
636 800 519 335 167 148 791 729 522 247 322 897 201 529 899 268 665 0 140 696 685 864 566 876 518 652 588 140 744 651 265 856 186 318 627 446 630 49 48 164 522 583 464 738 126 83 995 936 399 757
693 924 452 114 358 951 391 456 991 672 486 391 970 352 539 139 689 640 776 18 506 768 223 425 354 258 649 932 623 63 125 349 82 608 35 61 181 271 754 569 745 630 223 566 36 384 831 816 241 431
262 280 919 710 617 60 159 216 73 211 728 9 345 689 997 716 186 16 594 652 45 256 251 918 737 16 62 879 933 389 49 314 864 466 119 453 895 33 439 357 896 537 797 270 68 481 749 735 473 395
934 974 745 341 764 352 397 756 192 132 455 225 507 697 942 849 712 828 523 144 682 639 660 325 863 406 502 220 579 299 816 328 847 21 302 903 236 37 459 979 115 969 275 181 470 740 280 341 620 269
699 751 305 239 565 240 268 577 663 122 958 791 559 45 527 105 667 278 315 987 299 212 61 117 706 136 723 283 245 261 74 503 360 937 187 781 933 746 902 544 230 732 214 811 861 186 478 907 762 596
810 899 181 928 345 600 636 995 977 918 559 337 387 858 714 876 832 338 667 786 501 593 460 850 443 872 307 800 283 401 545 239 992 989 184 6 820 274 849 454 104 381 596 939 342 30 168 929 977 964
326 408 40 150 41 299 62 772 529 574 534 701 409 151 757 922 813 431 656 363 472 232 672 464 85 304 643 11 636 319 749 164 823 838 111 469 165 392 790 456 815 605 671 213 786 765 2 40 388 130
564 387 298 769 946 568 105 619 698 393 532 222 972 427 422 401 314 872 528 537 668 852 573 629 910 715 843 536 478 441 885 904 801 234 623 603 581 611 858 706 532 368 777 144 399 920 275 372 329 277
562 92 966 105 562 253 548 46 950 481 169 132 864 193 469 88 783 755 929 730 198 493 176 424 259 307 709 26 653 893 381 206 434 748 654 805 663 798 889 877 513 336 220 640 540 612 682 37 314 276
807 510 798 853 279 186 602 495 278 115 414 284 6 474 817 911 92 297 412 687 851 250 677 396 470 407 714 650 864 698 488 235 654 213 218 298 727 572 933 285 643 2 300 970 282 265 119 86 334 70
625 753 364 500 554 982 383 856 306 970 286 285 848 731 606 625 138 979 258 871 654 204 267 951 944 319 603 363 252 960 366 363 78 700 435 563 528 669 191 627 892 877 460 847 675 882 264 440 590 689
384 668 595 878 542 441 329 338 672 80 95 318 100 631 363 943 617 975 183 58 751 40 864 778 514 801 217 600 619 340 261 163 463 681 629 416 324 938 793 139 506 632 34 431 142 780 191 234 5 104
374 309 78 167 502 562 817 89 226 518 359 220 424 706 865 160 595 724 862 585 791 780 127 763 955 364 494 929 163 502 775 382 462 533 421 760 205 453 119 793 726 364 101 656 471 101 270 255 839 194
331 510 666 722 410 353 715 436 387 646 231 315 647 841 543 938 187 555 494 850 647 824 172 585 619 976 146 237 436 648 207 778 372 290 115 536 768 578 442 992 678 715 467 416 886 881 913 221 712 968
9 25 470 389 829 422 156 188 617 410 901 386 748 451 16 715 186 964 931 215 231 168 686 136 294 654 835 431 675 102 492 167 742 196 742 834 161 370 341 284 99 555 48 581 551 677 991 26 350 390
170 638 684 123 659 893 794 52 846 785 367 324 488 233 36 912 854 566 136 254 40 936 234 16 502 945 669 481 721 447 897 607 69 288 367 505 773 882 629 43 888 73 795 656 51 764 429 440 815 289
226 82 740 568 476 547 502 790 897 143 791 651 465 47 989 206 657 524 133 751 584 163 936 253 40 658 765 505 967 913 640 379 102 725 394 516 938 769 64 724 529 198 712 524 119 549 137 262 826 410
2 828 563 659 278 887 846 144 839 721 659 342 193 972 478 775 112 636 83 253 748 723 367 511 692 404 739 594 497 162 722 115 109 425 357 116 283 597 533 957 944 122 561 909 346 572 800 617 704 929
265 901 427 595 177 433 332 609 861 301 134 209 392 688 572 303 344 293 94 609 852 191 912 334 384 207 820 284 717 659 138 913 650 561 820 980 464 805 463 141 372 199 887 2 390 664 977 204 554 126
167 978 828 271 40 500 962 467 342 506 685 796 612 789 599 954 120 582 771 562 77 983 514 991 676 47 234 604 836 554 836 657 39 359 221 340 247 211 477 793 257 7 591 253 416 974 752 744 901 242
76 361 327 567 181 718 197 375 253 92 819 991 462 332 21 474 527 567 685 741 466 235 147 387 596 742 606 330 941 930 982 94 393 418 291 76 318 364 459 618 671 735 760 141 520 775 969 642 978 679
667 113 889 710 214 79 597 766 92 475 814 457 792 108 939 668 284 72 829 552 317 8 55 166 491 306 753 483 819 247 78 661 431 31 986 13 898 577 992 853 556 704 674 140 773 386 970 143 239 170
897 547 868 841 639 40 466 544 490 592 588 273 298 520 380 183 188 646 253 747 149 20 766 761 178 204 443 794 710 597 790 362 132 788 55 781 925 38 303 822 715 181 763 72 615 521 375 705 281 217
345 284 710 611 488 373 102 48 869 98 351 803 496 928 492 588 366 556 922 631 385 92 996 666 217 293 973 720 442 949 631 743 318 947 513 689 116 486 806 409 656 364 124 100 382 61 290 898 65 726
838 12 417 522 21 409 597 414 356 964 300 947 263 880 626 98 440 879 505 491 74 735 494 255 462 310 326 167 726 79 801 684 688 701 638 496 366 408 327 284 412 822 829 20 785 691 503 696 337 828
440 228 505 345 615 267 69 817 978 871 120 666 925 188 922 705 608 846 726 303 215 47 364 189 606 94 692 649 260 765 789 441 631 521 357 431 25 495 385 726 842 781 607 300 405 295 258 361 423 620
614 143 774 984 405 450 366 154 370 865 986 161 651 646 953 410 236 130 350 869 50 701 884 418 516 797 754 430 153 188 36 314 734 847 899 669 159 780 310 97 249 92 616 108 213 162 971 616 103 450
221 612 279 197 2 820 991 612 27 79 567 571 862 408 838 280 262 280 594 380 28 265 722 490 94 126 569 197 951 73 805 575 815 85 953 391 20 173 832 610 360 100 660 845 478 63 334 410 312 55
574 706 42 756 461 858 212 871 784 520 548 238 312 24 922 478 992 786 688 947 887 294 666 876 631 675 154 189 749 380 112 372 770 237 104 344 561 404 771 759 658 155 114 944 942 29 576 280 284 375
688 760 964 809 168 926 418 213 92 379 964 743 734 902 823 13 588 791 472 977 418 878 727 917 466 773 136 463 889 347 453 173 628 211 918 706 402 836 923 402 652 210 979 386 794 149 110 795 568 304
992 833 345 845 30 343 275 295 454 70 284 135 162 221 42 884 262 946 449 789 555 442 656 168 914 678 525 985 509 671 579 771 810 635 521 874 345 832 981 220 576 1 729 397 741 119 932 274 324 129
468 801 458 327 90 31 9 91 166 345 404 449 14 368 966 152 993 782 718 201 881 550 302 816 272 251 92 954 921 399 624 494 395 952 47 70 98 950 856 504 502 999 613 495 264 646 620 96 122 450
630 898 734 963 783 949 202 883 552 838 98 186 498 690 478 458 940 946 286 364 934 669 164 315 294 204 881 679 819 50 810 357 601 786 228 53 292 542 190 75 961 677 710 315 633 4 278 63 23 248
192 395 76 51 792 491 736 454 577 987 964 542 275 814 886 362 212 467 757 539 916 445 430 860 469 378 142 133 898 111 153 67 743 842 234 682 874 560 571 453 993 536 40 669 740 967 479 537 996 229
154 133 140 440 273 342 479 951 721 412 755 82 458 513 332 257 480 73 675 386 95 131 0 743 453 239 814 327 106 88 55 115 883 852 631 108 840 97 541 595 186 354 575 985 33 186 278 872 773 305
538 433 644 205 327 776 195 699 344 933 232 510 18 117 695 399 5 560 916 589 382 316 705 807 632 658 480 16 61 439 891 937 816 998 289 958 932 483 148 138 26 195 593 92 751 907 696 350 188 510
325 843 426 803 333 98 510 846 133 648 857 86 32 98 707 671 71 619 937 697 774 515 333 888 893 145 973 909 108 458 886 501 394 139 490 497 248 123 335 54 65 524 539 229 213 628 957 718 302 519
390 928 426 735 47 548 571 6 172 227 812 347 346 677 117 548 853 516 976 259 549 920 620 644 602 428 874 238 622 393 494 704 33 906 344 341 267 615 572 267 693 414 503 585 665 478 60 863 955 734
934 450 136 150 342 728 543 764 502 280 532 858 967 14 540 109 352 982 630 825 113 311 343 540 999 843 481 248 760 971 933 933 353 583 390 511 46 287 480 995 11 284 601 335 472 82 975 699 394 18
90 283 840 547 91 822 538 433 444 92 953 481 850 115 427 187 689 674 286 625 231 98 663 879 52 114 267 796 864 515 301 144 910 155 441 638 367 229 409 380 818 480 183 560 930 799 858 966 185 73
116 535 308 498 75 644 118 850 878 299 665 684 259 769 130 674 806 41 997 175 324 44 642 253 193 865 326 648 543 959 572 275 793 137 381 601 751 25 414 31 802 528 529 712 802 636 639 977 629 235
269 294 43 192 500 548 232 844 653 80 962 150 628 912 844 502 588 265 547 646 260 441 270 210 233 622 891 202 332 958 271 957 93 432 286 768 288 331 285 736 687 422 483 164 672 448 303 31 921 329
670 236 129 768 788 562 784 886 533 258 953 650 132 735 151 119 52 358 983 940 837 270 133 522 58 33 337 715 936 379 138 544 753 699 499 228 826 359 350 424 394 541 23 150 348 584 210 866 998 184
104 773 347 965 621 908 526 892 29 73 481 227 625 648 244 346 628 637 593 98 28 372 488 659 373 153 791 617 271 169 668 110 179 832 310 366 713 324 617 358 775 786 176 278 461 128 711 129 388 411
801 371 608 314 720 395 147 418 68 897 261 436 190 409 353 412 653 272 897 730 641 846 68 414 533 261 887 384 610 642 426 798 666 721 44 354 346 405 34 75 60 281 268 827 812 992 312 712 113 44
124 535 798 21 558 350 498 160 374 264 749 346 166 879 372 253 216 972 742 987 33 547 848 416 77 950 669 717 755 694 90 529 970 361 874 347 596 584 822 518 250 136 823 188 648 332 374 862 699 169
636 610 688 394 781 207 630 861 483 5 991 989 792 600 475 49 308 767 150 941 224 368 843 48 113 678 921 134 329 165 997 623 643 157 855 704 182 581 337 832 628 994 342 221 627 457 376 888 659 561
733 846 625 301 874 728 555 504 112 630 933 105 774 0 500 610 703 701 410 27 998 351 833 460 207 918 42 483 264 916 304 723 168 785 985 630 990 657 669 531 357 762 82 115 159 410 527 897 711 673
488 985 108 890 409 51 299 672 687 927 267 319 43 346 823 80 768 994 535 529 863 727 177 772 712 419 903 951 468 51 368 740 17 990 91 834 94 821 872 907 944 220 602 799 260 169 843 650 869 522
782 721 128 467 331 499 422 496 758 861 115 48 777 854 29 299 835 549 206 5 193 647 238 659 716 742 994 869 987 782 761 133 394 826 649 304 891 150 390 618 868 438 451 967 50 567 828 727 85 388
186 937 675 981 192 491 217 515 567 233 23 526 813 772 36 418 123 661 778 231 758 315 538 353 509 833 379 32 685 579 816 384 594 130 208 595 936 525 410 397 25 451 799 65 199 639 994 523 203 139
150 845 871 904 304 797 978 773 501 695 914 718 932 551 110 503 759 778 332 593 990 190 465 659 940 183 831 725 254 379 364 674 786 696 113 732 324 644 895 860 231 374 257 265 266 587 766 848 376 115
517 14 117 141 871 563 149 728 591 47 727 908 965 449 235 784 835 629 456 749 191 269 625 947 731 364 809 171 249 367 884 556 595 669 111 410 578 576 675 612 629 108 254 781 717 448 827 477 662 219
787 880 377 353 124 896 856 414 481 431 64 898 650 887 638 461 757 677 812 988 77 347 299 973 370 349 221 600 273 743 651 455 262 325 620 103 175 299 887 143 666 246 371 225 890 723 757 551 230 70
147 263 227 581 991 730 771 718 661 9 757 78 432 473 287 52 441 921 538 534 50 233 909 874 682 469 829 511 34 122 403 397 48 201 773 722 65 490 850 671 877 114 312 651 301 736 201 14 944 76
286 344 71 689 913 626 861 925 769 301 283 151 74 451 563 80 444 547 619 853 158 672 60 300 513 388 596 964 265 73 889 18 34 72 183 778 847 726 427 531 329 436 825 101 973 6 627 519 511 198
483 980 943 473 988 822 481 818 619 903 673 614 155 603 710 824 354 250 38 846 254 164 666 164 484 997 756 751 298 540 558 348 531 287 381 738 627 113 182 838 180 87 544 934 976 23 554 143 55 953
510 410 28 274 486 493 51 887 6 359 982 112 714 38 833 981 809 580 994 245 826 174 589 308 694 79 934 948 583 333 728 456 679 523 398 789 572 335 56 538 3 484 976 538 418 906 430 527 26 93
993 161 237 852 358 383 100 778 270 157 660 298 315 119 426 735 59 973 717 898 65 815 187 696 928 67 422 890 937 412 224 358 647 213 245 262 41 151 665 976 808 64 426 310 497 557 326 119 597 264
328 222 79 301 695 81 374 818 255 525 868 149 60 367 870 699 764 630 157 477 757 368 259 493 63 706 458 179 579 892 946 745 821 715 370 141 53 873 665 88 292 714 309 274 349 97 156 16 250 243
729 249 601 25 921 446 606 884 886 416 850 20 700 902 692 850 714 966 792 822 579 276 917 427 13 114 836 506 122 207 237 293 750 378 956 77 744 792 324 381 669 957 498 921 32 632 750 929 622 969
293 362 474 727 363 927 540 253 959 700 40 486 503 195 716 569 902 795 801 46 875 30 966 281 275 225 9 934 42 89 808 830 406 908 367 657 637 150 418 533 88 837 230 709 207 575 395 245 519 435
748 125 154 261 442 125 630 782 278 520 768 835 558 20 674 788 322 689 59 24 911 351 982 455 971 373 286 280 522 159 816 469 361 128 905 572 961 785 706 118 374 208 369 733 57 804 34 850 594 87
261 149 18 366 634 841 824 382 682 598 35 319 192 817 303 253 881 593 659 276 39 515 722 452 364 417 297 933 653 854 489 293 420 885 244 487 427 499 6 47 958 809 444 756 744 383 360 108 913 254
944 174 398 932 99 652 281 653 5 952 555 312 501 848 23 728 597 957 209 612 850 552 215 330 462 758 263 751 666 246 913 313 887 80 174 545 862 313 801 739 878 660 996 184 943 475 871 238 53 966
221 350 47 491 335 175 0 406 701 721 478 787 569 900 369 82 991 282 30 114 539 874 349 418 929 110 479 300 538 344 860 266 165 96 940 629 277 425 548 572 706 845 172 330 114 206 238 596 97 447
737 377 263 786 888 842 161 483 197 555 682 500 465 403 140 682 920 841 313 225 24 847 87 588 475 580 860 255 78 756 973 400 473 59 749 803 935 35 269 141 768 953 503 299 590 406 703 157 804 173
724 85 854 384 347 628 773 880 661 671 977 261 490 413 76 298 318 853 132 429 683 141 985 6 511 398 689 101 344 15 760 313 405 582 732 127 918 398 32 519 687 910 526 61 217 206 275 334 905 696
158 945 69 220 993 937 300 51 955 336 942 737 308 358 492 429 555 738 393 243 573 121 881 260 287 901 417 716 917 583 151 156 196 295 483 864 589 611 934 812 851 215 841 251 624 44 506 97 722 212
59 489 140 253 35 73 554 12 746 397 972 867 615 193 631 446 675 243 160 531 627 136 275 401 82 934 699 746 438 193 907 27 668 682 292 123 718 605 896 418 324 82 758 885 329 295 119 927 95 508
209 842 605 6 929 278 328 912 182 17 896 159 980 688 829 813 711 580 809 104 616 705 432 356 717 275 637 86 283 986 350 258 359 95 868 776 486 791 475 458 74 512 265 498 854 722 381 90 499 880
733 259 988 174 509 785 638 246 500 719 253 430 209 311 891 251 798 861 818 676 812 133 492 600 240 82 105 986 324 936 809 686 760 980 786 156 995 851 740 253 349 248 659 91 671 698 133 142 253 277
605 156 90 408 911 216 61 847 653 519 355 993 681 767 404 621 60 305 187 16 518 552 232 258 870 290 128 131 69 775 936 872 495 712 221 970 690 777 280 793 313 690 328 812 43 66 25 292 288 765
843 962 195 881 974 702 990 675 901 74 803 567 96 326 103 151 278 493 308 35 530 56 479 890 798 1 174 472 757 243 758 169 654 352 740 78 478 595 859 613 772 439 558 269 59 919 318 538 564 328
598 685 450 836 973 0 242 776 707 673 354 16 192 477 465 226 82 623 656 88 821 33 152 586 911 346 163 227 996 424 7 43 512 528 529 165 124 228 302 641 931 604 40 757 348 672 590 448 730 709
501 863 955 886 678 91 558 901 592 498 265 922 0 958 890 539 261 907 764 269 313 12 716 538 885 977 724 227 500 490 319 95 852 199 78 613 384 514 315 143 537 205 989 168 861 537 387 103 760 758
996 76 307 290 822 154 275 484 14 637 828 880 831 719 789 208 46 214 533 328 118 991 806 490 231 785 841 532 85 475 378 15 590 928 709 89 595 309 137 685 187 959 437 522 140 458 704 137 379 944
245 755 254 470 215 795 97 726 577 71 646 88 546 572 120 826 638 474 33 730 712 54 482 505 47 72 236 530 838 764 637 83 873 236 669 244 893 158 193 894 711 802 623 478 544 623 131 561 911 958
489 786 247 198 573 842 146 402 696 327 206 464 115 704 928 892 121 920 279 453 792 58 506 589 152 892 124 726 671 950 270 803 436 20 374 21 170 330 79 832 519 649 137 213 846 367 618 57 259 979
125 382 741 169 154 208 792 914 422 275 755 601 853 955 695 385 965 28 186 587 885 667 755 166 734 52 135 423 80 53 386 540 728 483 858 276 80 420 153 842 583 957 441 377 259 572 213 169 973 785
341 554 836 121 642 961 949 387 715 17 841 647 856 132 927 658 157 378 99 735 497 537 295 131 447 398 17 32 588 371 429 229 19 362 293 163 702 288 510 923 365 549 661 54 443 691 642 341 695 340
187 811 977 346 860 383 70 113 582 158 238 632 606 128 643 232 383 210 412 507 458 732 596 674 693 476 741 24 569 99 32 442 785 822 561 947 824 736 38 154 570 990 465 695 622 315 375 879 626 892
303 924 912 719 887 840 552 560 763 883 253 332 160 827 28 90 873 964 810 742 351 785 62 552 462 249 679 220 109 805 935 291 790 944 0 618 991 288 478 170 112 357 245 736 111 128 908 221 888 894
755 553 512 452 761 548 236 621 985 109 478 770 221 470 176 386 699 463 396 514 711 618 507 246 178 143 884 0 186 969 703 640 138 385 227 166 139 898 453 12 290 76 618 327 788 941 350 7 992 956
790 501 884 432 787 453 227 449 984 356 245 837 767 748 751 590 702 725 756 506 663 566 964 587 400 52 869 663 857 674 711 795 436 330 788 124 146 291 648 614 187 900 165 777 181 167 698 816 186 649
405 724 467 530 382 633 202 8 391 814 54 889 465 347 264 32 680 886 430 247 937 967 933 127 187 957 868 492 92 311 359 556 37 352 657 560 233 341 366 588 674 553 960 332 709 507 472 968 742 894
303 914 743 898 238 21 781 761 171 720 428 388 172 11 301 406 841 258 284 905 741 903 38 488 709 92 139 5 765 754 321 5 855 60 417 168 317 127 278 485 249 494 674 725 315 145 771 118 747 789
311 348 447 626 660 675 23 593 67 704 815 493 686 825 989 92 463 602 355 477 3 713 919 860 415 836 210 875 185 937 758 804 171 62 36 685 179 154 276 506 46 996 797 617 575 643 264 594 90 86
344 126 678 941 581 506 778 295 786 844 975 525 843 285 31 967 99 31 932 878 429 304 11 177 161 816 115 732 825 487 889 878 708 691 950 881 523 761 899 512 475 250 731 228 90 392 371 119 197 408
645 85 329 402 139 303 17 263 130 42 704 403 228 64 143 275 163 462 385 129 531 29 141 317 279 140 475 694 215 406 163 817 744 928 946 393 917 566 54 465 141 511 53 846 20 566 81 775 822 594
694 985 201 688 223 294 299 39 558 631 596 12 26 282 349 8 830 205 681 223 928 411 291 289 375 958 256 135 457 111 894 102 99 114 981 160 594 685 701 684 786 818 697 258 93 618 739 675 191 709
543 128 727 888 724 978 296 294 704 354 944 226 971 563 833 939 24 948 398 17 559 746 728 743 174 526 403 130 122 195 586 417 160 738 882 934 976 625 558 812 213 409 414 552 646 999 13 61 25 926
747 611 640 187 305 72 764 265 731 914 634 118 698 715 499 38 491 613 512 262 794 344 406 315 547 83 134 884 882 951 224 797 25 810 873 110 322 339 514 292 358 857 643 606 558 928 840 914 152 550
723 905 220 667 755 152 990 600 579 673 799 490 173 561 584 447 113 139 942 256 784 253 532 335 606 873 85 259 8 552 506 321 466 946 171 893 508 368 361 610 126 269 475 198 505 586 511 913 680 42
444 640 711 862 773 285 979 281 320 777 906 966 624 365 220 601 641 77 690 475 546 175 238 794 743 770 859 72 167 625 518 339 459 250 278 197 569 131 608 941 888 269 214 542 620 307 465 694 436 916
708 585 402 383 915 815 323 239 956 52 648 255 804 766 44 487 477 404 679 856 807 413 66 621 925 727 804 866 769 569 21 745 443 643 825 579 781 884 519 348 59 388 18 498 105 739 303 623 381 226
64 933 47 705 721 361 110 800 762 251 469 18 212 309 621 423 143 363 389 233 290 482 280 313 844 843 454 427 228 105 605 703 956 625 729 809 372 962 849 643 44 926 524 49 176 760 516 534 187 430
218 78 182 896 971 587 200 265 42 676 698 22 845 10 91 221 412 397 122 232 303 967 242 682 359 351 739 353 712 185 830 660 981 83 857 487 565 107 892 301 221 551 947 101 806 157 405 32 888 893
964 690 942 316 150 263 556 130 539 289 103 414 144 31 245 664 868 863 341 63 697 742 807 333 93 247 806 679 105 395 341 633 474 729 785 298 526 279 861 508 641 639 363 327 937 236 42 381 887 199
51 785 199 637 545 516 73 468 407 785 905 902 116 474 884 612 157 425 708 751 250 51 925 419 244 394 289 534 100 547 169 383 64 896 878 130 338 46 479 947 17 209 715 936 556 182 777 548 932 969
926 338 857 617 159 215 40 385 248 667 540 920 860 409 291 619 789 780 18 81 790 276 587 288 720 906 629 742 90 849 61 570 989 877 212 436 998 321 593 971 365 707 713 245 222 210 188 244 189 243
113 999 304 920 381 190 840 475 464 891 416 770 504 469 368 771 307 494 684 441 822 583 929 447 595 947 640 61 755 426 839 201 80 391 203 519 439 915 498 868 188 275 929 439 302 200 113 210 60 990
575 848 192 791 732 239 627 432 82 175 841 653 0 819 535 297 792 584 882 832 855 28 321 760 925 626 574 436 702 642 321 804 688 62 478 458 302 154 408 790 940 179 301 476 139 828 324 204 263 804
141 603 40 460 776 960 590 272 216 914 352 541 865 568 855 938 464 584 902 361 466 860 421 567 72 49 527 674 385 354 392 971 192 494 683 692 464 173 690 196 437 664 87 864 165 594 563 740 319 233
534 515 562 161 622 475 865 124 99 901 189 898 842 588 788 599 688 507 689 142 883 619 988 392 595 669 316 410 886 142 449 765 468 529 311 431 528 217 8 747 600 6 297 508 631 495 528 384 929 714
684 595 943 176 933 793 604 500 414 760 550 221 344 444 177 874 793 389 936 742 301 103 742 813 267 1 125 477 556 608 13 680 375 244 766 137 649 234 577 389 947 372 868 164 804 63 173 743 784 203
73 877 929 672 741 633 286 943 885 958 793 630 51 262 85 945 602 414 55 845 947 926 564 886 272 865 172 780 167 424 453 721 978 387 83 534 245 338 767 119 983 465 6 876 892 571 131 306 586 328
383 889 418 266 912 926 82 324 336 356 377 924 663 543 346 915 500 602 245 522 752 761 682 7 507 673 120 280 691 919 437 375 178 694 430 743 495 333 737 718 264 80 289 44 743 949 458 739 762 386
398 103 512 550 600 391 616 341 590 84 404 288 764 618 758 188 159 790 50 929 494 327 701 142 592 607 644 739 18 315 231 232 864 489 943 148 471 674 38 872 360 168 607 669 63 370 294 363 748 94
936 452 802 142 702 32 246 694 14 90 778 740 579 546 843 881 942 901 848 479 948 786 756 44 26 998 646 278 959 579 150 831 745 620 154 492 171 836 411 176 965 696 146 214 20 106 199 502 28 671
475 143 139 203 843 943 87 428 248 631 779 260 981 275 230 371 705 880 253 940 54 950 2 934 881 416 852 982 371 65 417 700 679 338 946 843 653 890 910 93 190 429 785 662 897 880 70 87 726 987
939 399 345 167 324 933 632 595 914 384 233 378 254 282 142 679 713 259 26 700 5 578 145 7 625 409 290 198 873 138 608 596 997 260 186 541 291 731 400 942 823 583 159 432 610 323 430 423 168 833
698 446 118 148 439 109 420 654 56 270 944 571 560 900 43 477 986 501 728 354 534 58 274 147 30 316 253 550 464 465 512 14 748 455 385 585 752 425 441 683 290 928 978 418 214 267 934 297 657 41
850 808 45 646 43 548 229 605 879 299 820 110 328 619 153 384 868 355 118 976 664 850 361 259 903 927 554 936 373 568 78 945 337 247 756 355 915 554 342 900 577 426 122 301 440 62 465 841 329 369
455 733 218 105 373 143 39 26 916 556 377 970 403 716 262 878 682 705 752 533 991 593 666 3 185 623 985 289 668 761 456 755 37 533 702 234 702 949 635 395 291 414 505 551 750 651 928 516 120 855
964 917 769 331 91 246 642 68 714 378 249 569 95 624 22 395 332 83 155 373 402 626 720 439 93 887 976 606 31 267 790 910 271 738 4 786 795 427 246 35 851 475 738 16 560 538 922 205 101 870
814 831 445 295 435 502 325 691 977 924 427 914 764 309 704 628 528 191 578 962 403 565 237 555 93 806 322 504 603 491 544 874 29 530 563 730 252 580 162 969 80 973 205 225 233 437 71 52 909 730
472 483 105 105 254 962 547 973 14 514 584 726 277 975 121 238 484 403 571 288 643 98 119 146 612 880 511 317 28 768 450 914 670 375 466 976 297 568 300 35 730 8 200 254 693 117 610 444 864 539
983 955 816 287 732 627 57 311 492 614 240 441 728 280 291 932 716 673 603 149 592 304 497 106 212 290 31 380 823 428 56 40 130 477 114 806 688 855 643 398 497 632 218 264 287 852 383 435 977 565
726 777 94 885 496 217 196 227 539 604 58 261 571 563 306 461 672 761 867 63 634 238 430 850 482 27 175 212 923 149 183 963 761 588 520 602 73 891 152 632 313 533 345 504 849 445 392 620 778 158
45 202 526 141 546 620 169 892 640 203 350 249 694 516 581 622 548 838 571 665 127 410 458 207 453 276 27 5 691 609 193 999 37 89 440 868 759 703 654 314 969 687 496 894 456 816 904 447 595 2
190 292 594 409 157 34 422 954 400 242 325 189 292 419 165 492 959 396 563 499 393 348 956 785 122 230 299 94 460 231 116 293 363 970 610 116 906 718 492 169 960 142 300 527 995 385 179 970 59 147
111 352 691 652 591 944 683 312 641 223 593 742 1 864 145 117 349 659 514 564 942 114 627 136 746 968 231 467 408 339 949 299 603 172 322 177 603 565 563 715 552 482 654 813 640 730 592 363 643 576
796 242 253 237 250 872 373 728 543 296 611 513 460 170 431 354 449 11 759 375 307 161 689 792 307 642 466 860 153 790 910 272 185 489 410 241 837 981 549 662 483 568 286 817 656 370 570 624 469 306
797 359 689 889 363 712 528 727 343 782 435 460 148 102 351 338 899 390 858 777 764 571 683 115 967 446 994 418 117 886 632 46 187 756 344 819 704 979 838 162 407 279 742 887 551 519 352 724 944 206
947 19 320 358 88 601 392 310 625 282 521 454 961 279 906 599 901 855 262 201 836 181 530 695 843 30 125 158 947 878 507 694 431 988 715 104 417 218 335 113 861 449 883 509 328 189 898 712 618 813
638 393 898 7 87 96 128 65 766 57 49 634 50 961 30 106 259 992 471 295 237 584 246 553 126 645 614 25 379 406 214 30 392 211 480 767 424 103 224 920 724 360 577 887 774 61 161 318 385 919
592 990 113 475 181 745 825 630 10 865 533 786 337 520 364 257 815 655 155 599 376 667 366 388 995 900 383 378 471 480 644 885 670 296 181 329 65 89 675 104 789 854 583 211 28 516 50 696 446 462
864 486 66 130 179 869 848 771 781 785 697 433 478 297 905 270 391 642 155 633 957 346 997 505 419 834 558 698 297 179 766 812 641 228 165 349 540 170 223 891 680 178 341 231 677 971 343 102 200 544
474 410 71 44 532 160 967 830 592 499 378 687 406 625 309 242 241 44 409 300 520 20 455 780 765 611 154 364 506 514 800 576 902 594 841 295 530 765 427 400 256 493 77 383 78 725 427 40 559 688
866 442 915 518 60 0 561 830 173 340 530 592 655 149 783 418 139 67 973 790 665 0 72 546 906 833 574 232 828 621 6 663 646 117 201 810 877 109 711 287 886 634 93 26 196 621 622 723 492 39
159 845 352 109 255 665 657 710 463 98 544 241 239 338 302 325 641 150 563 564 665 901 796 159 421 31 56 680 618 635 782 460 160 369 127 767 718 609 777 165 624 108 879 718 0 66 811 401 884 627
973 684 799 506 297 235 281 726 212 735 667 963 7 521 126 634 367 735 764 588 603 918 482 180 640 122 35 645 195 857 816 465 773 974 111 917 131 285 522 529 766 290 290 732 55 55 987 743 720 333
929 25 56 867 539 995 69 317 712 557 134 847 175 649 825 34 603 165 395 909 303 223 166 32 6 413 632 533 750 866 266 905 374 24 405 313 77 138 212 888 629 264 198 928 9 65 730 719 666 732
841 116 24 120 758 746 191 461 97 604 736 306 892 49 954 977 349 971 456 719 86 514 780 448 537 71 604 131 128 373 621 313 804 554 238 668 228 703 222 782 697 20 271 663 687 392 757 884 167 655
578 756 675 597 84 4 425 577 634 629 323 902 251 820 510 510 967 379 162 968 866 495 497 476 534 370 12 348 959 33 722 125 661 24 770 326 926 276 252 1 11 713 427 463 732 381 533 681 85 133
718 860 819 168 449 773 242 225 193 589 505 160 71 782 929 202 61 919 849 824 298 693 261 526 519 11 936 805 802 402 240 107 720 492 705 353 393 654 661 861 294 813 962 913 318 898 988 500 810 616
557 656 197 485 154 651 184 984 664 650 669 418 695 843 802 464 845 282 752 968 134 206 421 737 595 228 223 920 456 493 250 681 219 764 932 546 73 202 974 150 643 157 533 113 418 182 27 703 254 171
840 506 781 325 108 644 594 186 665 937 492 357 581 400 161 820 374 988 643 122 713 998 761 782 988 510 529 565 266 858 573 452 319 933 803 576 165 531 81 617 342 676 105 564 275 320 641 248 748 794
103 723 193 808 139 966 904 577 389 566 592 904 904 5 742 785 175 688 902 425 872 34 908 274 542 954 3 543 611 152 398 589 469 613 709 651 288 595 346 620 205 291 581 770 50 158 781 309 953 454
600 676 173 702 532 507 435 199 246 893 182 852 556 940 69 536 294 856 880 239 194 116 961 674 777 479 968 991 923 857 970 265 42 356 426 795 574 326 656 267 684 292 930 885 573 520 8 300 484 6
820 216 752 724 954 789 995 544 780 497 850 422 905 576 750 98 463 11 746 787 390 30 733 841 287 233 850 641 5 10 783 246 403 64 372 434 791 3 556 733 69 650 288 940 446 213 746 22 42 421
343 891 436 888 81 511 454 633 748 326 253 672 735 975 621 230 829 950 392 284 981 373 347 412 622 218 130 295 23 807 389 152 318 742 66 610 616 987 22 734 441 935 94 823 315 618 395 914 716 849
685 663 59 48 519 653 124 937 268 78 613 622 119 478 207 619 169 794 497 984 975 166 457 6 578 136 773 855 804 531 817 346 447 310 321 367 720 999 114 721 484 114 212 426 545 422 970 211 408 105
389 236 298 779 750 944 137 577 627 925 624 411 196 299 533 688 30 730 710 520 103 65 946 555 859 972 906 920 615 310 992 808 692 39 366 100 86 872 209 716 62 325 327 401 340 505 272 93 185 256
482 970 420 873 903 385 492 499 370 428 805 419 975 533 238 178 715 409 891 475 316 719 838 574 546 29 91 870 143 189 59 162 418 388 282 690 146 420 85 272 801 314 558 378 655 442 203 461 345 665
403 388 290 52 146 681 72 39 639 706 330 937 892 616 369 190 255 468 244 844 119 883 456 930 8 972 711 62 658 487 185 814 286 881 201 313 220 749 930 624 833 733 169 663 660 881 572 544 563 566
611 137 42 875 822 612 948 857 296 753 252 881 322 479 790 402 275 400 490 835 535 958 105 310 469 760 611 173 733 834 248 449 209 612 37 121 12 841 218 96 177 474 65 986 773 804 282 736 975 344
893 322 231 434 775 973 653 988 192 37 947 892 4 293 774 715 794 212 601 383 313 162 666 251 681 11 785 309 17 611 78 937 637 851 58 356 978 595 921 172 893 273 775 766 112 377 889 423 503 837
93 151 851 398 852 939 956 116 694 802 68 394 671 107 129 550 217 781 811 528 18 198 400 936 935 952 508 389 914 849 93 635 920 578 566 325 901 994 945 252 604 772 699 94 922 150 283 874 371 747
883 691 535 324 906 875 846 930 712 658 753 399 460 39 675 6 547 334 296 472 978 163 244 153 990 894 239 354 281 768 576 440 760 717 304 636 874 961 81 629 900 456 390 83 771 809 413 533 234 762
